     1    1   1.000000E+00   1.000000E+00         DRAWDOWN    10    10     1 (10(1X1PE13.5))     
  -2.90000E+01  -2.92276E+01  -2.93280E+01  -2.93845E+01  -2.94220E+01  -2.94495E+01  -2.94701E+01  -2.94851E+01  -2.94950E+01  -2.95000E+01
  -2.92276E+01  -2.92977E+01  -2.93553E+01  -2.93980E+01  -2.94304E+01  -2.94557E+01  -2.94754E+01  -2.94901E+01  -2.94999E+01  -2.95049E+01
  -2.93281E+01  -2.93553E+01  -2.93879E+01  -2.94182E+01  -2.94447E+01  -2.94672E+01  -2.94856E+01  -2.94999E+01  -2.95097E+01  -2.95148E+01
  -2.93845E+01  -2.93980E+01  -2.94182E+01  -2.94404E+01  -2.94622E+01  -2.94823E+01  -2.94999E+01  -2.95141E+01  -2.95244E+01  -2.95298E+01
  -2.94221E+01  -2.94305E+01  -2.94447E+01  -2.94622E+01  -2.94811E+01  -2.94999E+01  -2.95174E+01  -2.95326E+01  -2.95441E+01  -2.95503E+01
  -2.94496E+01  -2.94558E+01  -2.94672E+01  -2.94824E+01  -2.94999E+01  -2.95187E+01  -2.95375E+01  -2.95551E+01  -2.95694E+01  -2.95778E+01
  -2.94702E+01  -2.94755E+01  -2.94857E+01  -2.94999E+01  -2.95175E+01  -2.95375E+01  -2.95593E+01  -2.95816E+01  -2.96018E+01  -2.96153E+01
  -2.94852E+01  -2.94902E+01  -2.95000E+01  -2.95143E+01  -2.95327E+01  -2.95551E+01  -2.95816E+01  -2.96120E+01  -2.96445E+01  -2.96717E+01
  -2.94951E+01  -2.95000E+01  -2.95098E+01  -2.95245E+01  -2.95442E+01  -2.95695E+01  -2.96019E+01  -2.96445E+01  -2.97021E+01  -2.97724E+01
  -2.95001E+01  -2.95050E+01  -2.95149E+01  -2.95299E+01  -2.95505E+01  -2.95779E+01  -2.96154E+01  -2.96718E+01  -2.97724E+01  -3.00000E+01
     1    1   1.000000E+00   1.000000E+00         DRAWDOWN    10    10     2 (10(1X1PE13.5))     
  -2.92127E+01  -2.92847E+01  -2.93448E+01  -2.93897E+01  -2.94238E+01  -2.94501E+01  -2.94703E+01  -2.94852E+01  -2.94951E+01  -2.95000E+01
  -2.92847E+01  -2.93228E+01  -2.93649E+01  -2.94015E+01  -2.94317E+01  -2.94562E+01  -2.94756E+01  -2.94902E+01  -2.95000E+01  -2.95049E+01
  -2.93449E+01  -2.93649E+01  -2.93923E+01  -2.94201E+01  -2.94455E+01  -2.94675E+01  -2.94857E+01  -2.94999E+01  -2.95097E+01  -2.95148E+01
  -2.93898E+01  -2.94015E+01  -2.94201E+01  -2.94414E+01  -2.94626E+01  -2.94825E+01  -2.94999E+01  -2.95141E+01  -2.95243E+01  -2.95296E+01
  -2.94239E+01  -2.94318E+01  -2.94455E+01  -2.94626E+01  -2.94813E+01  -2.94999E+01  -2.95173E+01  -2.95323E+01  -2.95436E+01  -2.95498E+01
  -2.94502E+01  -2.94563E+01  -2.94675E+01  -2.94825E+01  -2.94999E+01  -2.95185E+01  -2.95371E+01  -2.95543E+01  -2.95681E+01  -2.95760E+01
  -2.94704E+01  -2.94757E+01  -2.94858E+01  -2.95000E+01  -2.95174E+01  -2.95372E+01  -2.95584E+01  -2.95797E+01  -2.95983E+01  -2.96101E+01
  -2.94853E+01  -2.94903E+01  -2.95000E+01  -2.95142E+01  -2.95324E+01  -2.95543E+01  -2.95797E+01  -2.96075E+01  -2.96350E+01  -2.96550E+01
  -2.94952E+01  -2.95001E+01  -2.95098E+01  -2.95244E+01  -2.95437E+01  -2.95682E+01  -2.95984E+01  -2.96350E+01  -2.96771E+01  -2.97152E+01
  -2.95001E+01  -2.95050E+01  -2.95149E+01  -2.95297E+01  -2.95499E+01  -2.95761E+01  -2.96101E+01  -2.96551E+01  -2.97152E+01  -2.97872E+01
     1    1   1.000000E+00   1.000000E+00         DRAWDOWN    10    10     3 (10(1X1PE13.5))     
  -2.92813E+01  -2.93156E+01  -2.93568E+01  -2.93941E+01  -2.94254E+01  -2.94507E+01  -2.94705E+01  -2.94853E+01  -2.94951E+01  -2.95001E+01
  -2.93156E+01  -2.93398E+01  -2.93724E+01  -2.94046E+01  -2.94329E+01  -2.94567E+01  -2.94758E+01  -2.94902E+01  -2.95000E+01  -2.95050E+01
  -2.93568E+01  -2.93724E+01  -2.93962E+01  -2.94219E+01  -2.94462E+01  -2.94678E+01  -2.94858E+01  -2.94999E+01  -2.95097E+01  -2.95148E+01
  -2.93942E+01  -2.94046E+01  -2.94219E+01  -2.94422E+01  -2.94630E+01  -2.94826E+01  -2.94999E+01  -2.95140E+01  -2.95241E+01  -2.95295E+01
  -2.94255E+01  -2.94330E+01  -2.94463E+01  -2.94630E+01  -2.94814E+01  -2.94999E+01  -2.95172E+01  -2.95320E+01  -2.95432E+01  -2.95493E+01
  -2.94508E+01  -2.94567E+01  -2.94678E+01  -2.94826E+01  -2.94999E+01  -2.95183E+01  -2.95367E+01  -2.95536E+01  -2.95669E+01  -2.95745E+01
  -2.94706E+01  -2.94758E+01  -2.94859E+01  -2.95000E+01  -2.95172E+01  -2.95368E+01  -2.95575E+01  -2.95779E+01  -2.95953E+01  -2.96056E+01
  -2.94854E+01  -2.94903E+01  -2.95000E+01  -2.95141E+01  -2.95321E+01  -2.95536E+01  -2.95780E+01  -2.96037E+01  -2.96273E+01  -2.96431E+01
  -2.94952E+01  -2.95001E+01  -2.95098E+01  -2.95242E+01  -2.95433E+01  -2.95670E+01  -2.95953E+01  -2.96274E+01  -2.96601E+01  -2.96843E+01
  -2.95002E+01  -2.95051E+01  -2.95149E+01  -2.95296E+01  -2.95494E+01  -2.95746E+01  -2.96057E+01  -2.96432E+01  -2.96843E+01  -2.97186E+01
     1    2   2.500000E-01   1.250000E+00         DRAWDOWN    10    10     1 (10(1X1PE13.5))     
  -2.90000E+01  -2.92276E+01  -2.93280E+01  -2.93844E+01  -2.94219E+01  -2.94494E+01  -2.94699E+01  -2.94849E+01  -2.94948E+01  -2.94998E+01
  -2.92275E+01  -2.92976E+01  -2.93552E+01  -2.93979E+01  -2.94303E+01  -2.94556E+01  -2.94753E+01  -2.94899E+01  -2.94998E+01  -2.95047E+01
  -2.93279E+01  -2.93552E+01  -2.93878E+01  -2.94181E+01  -2.94446E+01  -2.94671E+01  -2.94855E+01  -2.94998E+01  -2.95096E+01  -2.95147E+01
  -2.93843E+01  -2.93978E+01  -2.94181E+01  -2.94403E+01  -2.94621E+01  -2.94823E+01  -2.94998E+01  -2.95141E+01  -2.95243E+01  -2.95297E+01
  -2.94218E+01  -2.94302E+01  -2.94445E+01  -2.94621E+01  -2.94810E+01  -2.94998E+01  -2.95174E+01  -2.95326E+01  -2.95440E+01  -2.95503E+01
  -2.94493E+01  -2.94555E+01  -2.94670E+01  -2.94822E+01  -2.94998E+01  -2.95186E+01  -2.95375E+01  -2.95551E+01  -2.95694E+01  -2.95778E+01
  -2.94698E+01  -2.94752E+01  -2.94854E+01  -2.94998E+01  -2.95174E+01  -2.95375E+01  -2.95593E+01  -2.95816E+01  -2.96018E+01  -2.96153E+01
  -2.94848E+01  -2.94899E+01  -2.94997E+01  -2.95140E+01  -2.95325E+01  -2.95550E+01  -2.95816E+01  -2.96119E+01  -2.96445E+01  -2.96718E+01
  -2.94947E+01  -2.94997E+01  -2.95095E+01  -2.95243E+01  -2.95440E+01  -2.95693E+01  -2.96018E+01  -2.96445E+01  -2.97021E+01  -2.97724E+01
  -2.94997E+01  -2.95046E+01  -2.95146E+01  -2.95296E+01  -2.95503E+01  -2.95777E+01  -2.96153E+01  -2.96717E+01  -2.97724E+01  -3.00000E+01
     1    2   2.500000E-01   1.250000E+00         DRAWDOWN    10    10     2 (10(1X1PE13.5))     
  -2.92126E+01  -2.92846E+01  -2.93448E+01  -2.93896E+01  -2.94237E+01  -2.94499E+01  -2.94701E+01  -2.94850E+01  -2.94948E+01  -2.94997E+01
  -2.92846E+01  -2.93227E+01  -2.93648E+01  -2.94014E+01  -2.94316E+01  -2.94561E+01  -2.94755E+01  -2.94900E+01  -2.94998E+01  -2.95047E+01
  -2.93447E+01  -2.93648E+01  -2.93923E+01  -2.94200E+01  -2.94454E+01  -2.94674E+01  -2.94856E+01  -2.94998E+01  -2.95096E+01  -2.95146E+01
  -2.93896E+01  -2.94014E+01  -2.94200E+01  -2.94413E+01  -2.94625E+01  -2.94824E+01  -2.94998E+01  -2.95140E+01  -2.95241E+01  -2.95295E+01
  -2.94236E+01  -2.94316E+01  -2.94453E+01  -2.94625E+01  -2.94812E+01  -2.94998E+01  -2.95173E+01  -2.95323E+01  -2.95435E+01  -2.95497E+01
  -2.94498E+01  -2.94560E+01  -2.94673E+01  -2.94824E+01  -2.94998E+01  -2.95185E+01  -2.95371E+01  -2.95543E+01  -2.95681E+01  -2.95760E+01
  -2.94700E+01  -2.94754E+01  -2.94855E+01  -2.94998E+01  -2.95172E+01  -2.95371E+01  -2.95584E+01  -2.95796E+01  -2.95983E+01  -2.96101E+01
  -2.94849E+01  -2.94899E+01  -2.94997E+01  -2.95139E+01  -2.95322E+01  -2.95542E+01  -2.95796E+01  -2.96075E+01  -2.96349E+01  -2.96550E+01
  -2.94947E+01  -2.94997E+01  -2.95095E+01  -2.95241E+01  -2.95435E+01  -2.95680E+01  -2.95983E+01  -2.96349E+01  -2.96771E+01  -2.97152E+01
  -2.94997E+01  -2.95046E+01  -2.95145E+01  -2.95294E+01  -2.95496E+01  -2.95759E+01  -2.96100E+01  -2.96550E+01  -2.97152E+01  -2.97872E+01
     1    2   2.500000E-01   1.250000E+00         DRAWDOWN    10    10     3 (10(1X1PE13.5))     
  -2.92813E+01  -2.93156E+01  -2.93567E+01  -2.93940E+01  -2.94253E+01  -2.94505E+01  -2.94703E+01  -2.94850E+01  -2.94948E+01  -2.94997E+01
  -2.93156E+01  -2.93397E+01  -2.93724E+01  -2.94045E+01  -2.94328E+01  -2.94566E+01  -2.94756E+01  -2.94900E+01  -2.94998E+01  -2.95047E+01
  -2.93567E+01  -2.93724E+01  -2.93961E+01  -2.94218E+01  -2.94461E+01  -2.94677E+01  -2.94857E+01  -2.94998E+01  -2.95095E+01  -2.95145E+01
  -2.93940E+01  -2.94045E+01  -2.94218E+01  -2.94422E+01  -2.94630E+01  -2.94825E+01  -2.94998E+01  -2.95139E+01  -2.95240E+01  -2.95293E+01
  -2.94252E+01  -2.94328E+01  -2.94461E+01  -2.94629E+01  -2.94813E+01  -2.94998E+01  -2.95171E+01  -2.95320E+01  -2.95431E+01  -2.95491E+01
  -2.94504E+01  -2.94565E+01  -2.94676E+01  -2.94825E+01  -2.94998E+01  -2.95183E+01  -2.95367E+01  -2.95535E+01  -2.95669E+01  -2.95744E+01
  -2.94702E+01  -2.94755E+01  -2.94856E+01  -2.94998E+01  -2.95171E+01  -2.95367E+01  -2.95575E+01  -2.95779E+01  -2.95953E+01  -2.96056E+01
  -2.94849E+01  -2.94899E+01  -2.94997E+01  -2.95138E+01  -2.95319E+01  -2.95535E+01  -2.95779E+01  -2.96036E+01  -2.96273E+01  -2.96431E+01
  -2.94947E+01  -2.94997E+01  -2.95094E+01  -2.95239E+01  -2.95430E+01  -2.95668E+01  -2.95952E+01  -2.96273E+01  -2.96600E+01  -2.96842E+01
  -2.94997E+01  -2.95046E+01  -2.95144E+01  -2.95292E+01  -2.95490E+01  -2.95743E+01  -2.96056E+01  -2.96430E+01  -2.96842E+01  -2.97185E+01
     1    3   2.500000E-01   1.500000E+00         DRAWDOWN    10    10     1 (10(1X1PE13.5))     
  -2.90000E+01  -2.92276E+01  -2.93280E+01  -2.93844E+01  -2.94219E+01  -2.94494E+01  -2.94700E+01  -2.94850E+01  -2.94949E+01  -2.94998E+01
  -2.92276E+01  -2.92977E+01  -2.93552E+01  -2.93979E+01  -2.94303E+01  -2.94556E+01  -2.94753E+01  -2.94900E+01  -2.94998E+01  -2.95048E+01
  -2.93280E+01  -2.93552E+01  -2.93878E+01  -2.94181E+01  -2.94446E+01  -2.94671E+01  -2.94855E+01  -2.94998E+01  -2.95096E+01  -2.95147E+01
  -2.93844E+01  -2.93979E+01  -2.94182E+01  -2.94404E+01  -2.94622E+01  -2.94823E+01  -2.94998E+01  -2.95141E+01  -2.95243E+01  -2.95297E+01
  -2.94220E+01  -2.94304E+01  -2.94447E+01  -2.94622E+01  -2.94811E+01  -2.94998E+01  -2.95174E+01  -2.95325E+01  -2.95440E+01  -2.95503E+01
  -2.94494E+01  -2.94557E+01  -2.94671E+01  -2.94823E+01  -2.94999E+01  -2.95186E+01  -2.95375E+01  -2.95550E+01  -2.95693E+01  -2.95777E+01
  -2.94700E+01  -2.94754E+01  -2.94856E+01  -2.94999E+01  -2.95174E+01  -2.95375E+01  -2.95593E+01  -2.95816E+01  -2.96018E+01  -2.96153E+01
  -2.94851E+01  -2.94901E+01  -2.94999E+01  -2.95142E+01  -2.95326E+01  -2.95551E+01  -2.95816E+01  -2.96119E+01  -2.96445E+01  -2.96717E+01
  -2.94950E+01  -2.94999E+01  -2.95097E+01  -2.95244E+01  -2.95441E+01  -2.95694E+01  -2.96018E+01  -2.96445E+01  -2.97021E+01  -2.97723E+01
  -2.94999E+01  -2.95049E+01  -2.95148E+01  -2.95298E+01  -2.95504E+01  -2.95778E+01  -2.96154E+01  -2.96718E+01  -2.97723E+01  -3.00000E+01
     1    3   2.500000E-01   1.500000E+00         DRAWDOWN    10    10     2 (10(1X1PE13.5))     
  -2.92126E+01  -2.92846E+01  -2.93447E+01  -2.93896E+01  -2.94237E+01  -2.94500E+01  -2.94702E+01  -2.94850E+01  -2.94949E+01  -2.94999E+01
  -2.92847E+01  -2.93227E+01  -2.93648E+01  -2.94014E+01  -2.94316E+01  -2.94561E+01  -2.94755E+01  -2.94900E+01  -2.94998E+01  -2.95048E+01
  -2.93448E+01  -2.93648E+01  -2.93923E+01  -2.94201E+01  -2.94454E+01  -2.94674E+01  -2.94856E+01  -2.94998E+01  -2.95096E+01  -2.95146E+01
  -2.93897E+01  -2.94014E+01  -2.94201E+01  -2.94413E+01  -2.94626E+01  -2.94824E+01  -2.94998E+01  -2.95140E+01  -2.95242E+01  -2.95295E+01
  -2.94238E+01  -2.94317E+01  -2.94454E+01  -2.94626E+01  -2.94812E+01  -2.94999E+01  -2.95173E+01  -2.95323E+01  -2.95435E+01  -2.95497E+01
  -2.94500E+01  -2.94562E+01  -2.94674E+01  -2.94825E+01  -2.94999E+01  -2.95185E+01  -2.95371E+01  -2.95543E+01  -2.95680E+01  -2.95760E+01
  -2.94702E+01  -2.94756E+01  -2.94857E+01  -2.94999E+01  -2.95173E+01  -2.95371E+01  -2.95584E+01  -2.95796E+01  -2.95983E+01  -2.96100E+01
  -2.94851E+01  -2.94901E+01  -2.94999E+01  -2.95141E+01  -2.95323E+01  -2.95543E+01  -2.95797E+01  -2.96075E+01  -2.96349E+01  -2.96550E+01
  -2.94950E+01  -2.94999E+01  -2.95097E+01  -2.95243E+01  -2.95436E+01  -2.95681E+01  -2.95983E+01  -2.96350E+01  -2.96771E+01  -2.97151E+01
  -2.94999E+01  -2.95049E+01  -2.95147E+01  -2.95296E+01  -2.95498E+01  -2.95761E+01  -2.96101E+01  -2.96550E+01  -2.97152E+01  -2.97872E+01
     1    3   2.500000E-01   1.500000E+00         DRAWDOWN    10    10     3 (10(1X1PE13.5))     
  -2.92813E+01  -2.93156E+01  -2.93567E+01  -2.93940E+01  -2.94253E+01  -2.94505E+01  -2.94704E+01  -2.94851E+01  -2.94949E+01  -2.94999E+01
  -2.93156E+01  -2.93397E+01  -2.93724E+01  -2.94045E+01  -2.94328E+01  -2.94566E+01  -2.94756E+01  -2.94901E+01  -2.94999E+01  -2.95048E+01
  -2.93567E+01  -2.93724E+01  -2.93961E+01  -2.94218E+01  -2.94461E+01  -2.94676E+01  -2.94857E+01  -2.94998E+01  -2.95096E+01  -2.95146E+01
  -2.93941E+01  -2.94045E+01  -2.94218E+01  -2.94422E+01  -2.94630E+01  -2.94825E+01  -2.94998E+01  -2.95139E+01  -2.95240E+01  -2.95293E+01
  -2.94253E+01  -2.94329E+01  -2.94462E+01  -2.94630E+01  -2.94814E+01  -2.94998E+01  -2.95171E+01  -2.95320E+01  -2.95431E+01  -2.95491E+01
  -2.94506E+01  -2.94566E+01  -2.94677E+01  -2.94826E+01  -2.94999E+01  -2.95183E+01  -2.95367E+01  -2.95535E+01  -2.95669E+01  -2.95744E+01
  -2.94705E+01  -2.94757E+01  -2.94858E+01  -2.94999E+01  -2.95172E+01  -2.95368E+01  -2.95575E+01  -2.95779E+01  -2.95952E+01  -2.96056E+01
  -2.94852E+01  -2.94902E+01  -2.94999E+01  -2.95140E+01  -2.95321E+01  -2.95536E+01  -2.95780E+01  -2.96036E+01  -2.96273E+01  -2.96431E+01
  -2.94950E+01  -2.94999E+01  -2.95097E+01  -2.95241E+01  -2.95432E+01  -2.95670E+01  -2.95953E+01  -2.96274E+01  -2.96600E+01  -2.96842E+01
  -2.95000E+01  -2.95049E+01  -2.95147E+01  -2.95294E+01  -2.95493E+01  -2.95745E+01  -2.96057E+01  -2.96431E+01  -2.96842E+01  -2.97185E+01
     1    4   5.000000E-01   2.000000E+00         DRAWDOWN    10    10     1 (10(1X1PE13.5))     
  -2.90000E+01  -2.92276E+01  -2.93280E+01  -2.93844E+01  -2.94219E+01  -2.94494E+01  -2.94699E+01  -2.94849E+01  -2.94948E+01  -2.94998E+01
  -2.92276E+01  -2.92977E+01  -2.93552E+01  -2.93979E+01  -2.94304E+01  -2.94556E+01  -2.94753E+01  -2.94899E+01  -2.94998E+01  -2.95047E+01
  -2.93280E+01  -2.93552E+01  -2.93878E+01  -2.94182E+01  -2.94446E+01  -2.94671E+01  -2.94855E+01  -2.94998E+01  -2.95096E+01  -2.95146E+01
  -2.93844E+01  -2.93979E+01  -2.94182E+01  -2.94404E+01  -2.94622E+01  -2.94823E+01  -2.94998E+01  -2.95140E+01  -2.95243E+01  -2.95297E+01
  -2.94220E+01  -2.94304E+01  -2.94447E+01  -2.94622E+01  -2.94811E+01  -2.94999E+01  -2.95174E+01  -2.95325E+01  -2.95439E+01  -2.95502E+01
  -2.94494E+01  -2.94556E+01  -2.94671E+01  -2.94823E+01  -2.94999E+01  -2.95187E+01  -2.95375E+01  -2.95550E+01  -2.95693E+01  -2.95777E+01
  -2.94700E+01  -2.94753E+01  -2.94856E+01  -2.94999E+01  -2.95174E+01  -2.95375E+01  -2.95593E+01  -2.95816E+01  -2.96018E+01  -2.96153E+01
  -2.94850E+01  -2.94900E+01  -2.94998E+01  -2.95141E+01  -2.95326E+01  -2.95551E+01  -2.95816E+01  -2.96119E+01  -2.96445E+01  -2.96717E+01
  -2.94949E+01  -2.94998E+01  -2.95097E+01  -2.95244E+01  -2.95441E+01  -2.95694E+01  -2.96018E+01  -2.96445E+01  -2.97021E+01  -2.97723E+01
  -2.94998E+01  -2.95048E+01  -2.95147E+01  -2.95297E+01  -2.95503E+01  -2.95778E+01  -2.96154E+01  -2.96718E+01  -2.97723E+01  -3.00000E+01
     1    4   5.000000E-01   2.000000E+00         DRAWDOWN    10    10     2 (10(1X1PE13.5))     
  -2.92126E+01  -2.92847E+01  -2.93448E+01  -2.93897E+01  -2.94237E+01  -2.94500E+01  -2.94701E+01  -2.94850E+01  -2.94948E+01  -2.94998E+01
  -2.92847E+01  -2.93227E+01  -2.93648E+01  -2.94014E+01  -2.94316E+01  -2.94561E+01  -2.94755E+01  -2.94900E+01  -2.94998E+01  -2.95047E+01
  -2.93448E+01  -2.93648E+01  -2.93923E+01  -2.94201E+01  -2.94454E+01  -2.94674E+01  -2.94856E+01  -2.94998E+01  -2.95096E+01  -2.95146E+01
  -2.93897E+01  -2.94014E+01  -2.94201E+01  -2.94413E+01  -2.94626E+01  -2.94824E+01  -2.94998E+01  -2.95140E+01  -2.95241E+01  -2.95295E+01
  -2.94237E+01  -2.94317E+01  -2.94454E+01  -2.94626E+01  -2.94813E+01  -2.94999E+01  -2.95173E+01  -2.95323E+01  -2.95435E+01  -2.95497E+01
  -2.94500E+01  -2.94561E+01  -2.94674E+01  -2.94825E+01  -2.94999E+01  -2.95185E+01  -2.95371E+01  -2.95543E+01  -2.95680E+01  -2.95760E+01
  -2.94702E+01  -2.94755E+01  -2.94857E+01  -2.94999E+01  -2.95173E+01  -2.95371E+01  -2.95584E+01  -2.95797E+01  -2.95983E+01  -2.96100E+01
  -2.94850E+01  -2.94900E+01  -2.94999E+01  -2.95141E+01  -2.95323E+01  -2.95543E+01  -2.95797E+01  -2.96075E+01  -2.96349E+01  -2.96550E+01
  -2.94949E+01  -2.94998E+01  -2.95096E+01  -2.95242E+01  -2.95436E+01  -2.95681E+01  -2.95983E+01  -2.96350E+01  -2.96771E+01  -2.97152E+01
  -2.94998E+01  -2.95048E+01  -2.95146E+01  -2.95295E+01  -2.95497E+01  -2.95760E+01  -2.96101E+01  -2.96550E+01  -2.97152E+01  -2.97872E+01
     1    4   5.000000E-01   2.000000E+00         DRAWDOWN    10    10     3 (10(1X1PE13.5))     
  -2.92813E+01  -2.93156E+01  -2.93567E+01  -2.93940E+01  -2.94253E+01  -2.94505E+01  -2.94703E+01  -2.94851E+01  -2.94949E+01  -2.94998E+01
  -2.93156E+01  -2.93397E+01  -2.93724E+01  -2.94045E+01  -2.94328E+01  -2.94566E+01  -2.94756E+01  -2.94901E+01  -2.94998E+01  -2.95047E+01
  -2.93567E+01  -2.93724E+01  -2.93961E+01  -2.94218E+01  -2.94462E+01  -2.94677E+01  -2.94857E+01  -2.94998E+01  -2.95095E+01  -2.95145E+01
  -2.93940E+01  -2.94045E+01  -2.94218E+01  -2.94422E+01  -2.94630E+01  -2.94826E+01  -2.94998E+01  -2.95139E+01  -2.95240E+01  -2.95293E+01
  -2.94253E+01  -2.94328E+01  -2.94462E+01  -2.94630E+01  -2.94814E+01  -2.94999E+01  -2.95172E+01  -2.95320E+01  -2.95431E+01  -2.95491E+01
  -2.94506E+01  -2.94566E+01  -2.94677E+01  -2.94826E+01  -2.94999E+01  -2.95184E+01  -2.95368E+01  -2.95536E+01  -2.95669E+01  -2.95744E+01
  -2.94704E+01  -2.94757E+01  -2.94857E+01  -2.94999E+01  -2.95172E+01  -2.95368E+01  -2.95576E+01  -2.95779E+01  -2.95953E+01  -2.96056E+01
  -2.94851E+01  -2.94901E+01  -2.94998E+01  -2.95140E+01  -2.95320E+01  -2.95536E+01  -2.95780E+01  -2.96037E+01  -2.96274E+01  -2.96431E+01
  -2.94949E+01  -2.94998E+01  -2.95096E+01  -2.95240E+01  -2.95432E+01  -2.95669E+01  -2.95953E+01  -2.96274E+01  -2.96601E+01  -2.96842E+01
  -2.94998E+01  -2.95047E+01  -2.95146E+01  -2.95293E+01  -2.95492E+01  -2.95745E+01  -2.96057E+01  -2.96431E+01  -2.96842E+01  -2.97185E+01
