     1    1   1.000000E+00   1.000000E+00             HEAD    10    10     1 (10(1X1PE13.5))     
   2.90000E+01   2.92276E+01   2.93280E+01   2.93844E+01   2.94220E+01   2.94495E+01   2.94700E+01   2.94850E+01   2.94949E+01   2.94999E+01
   2.92276E+01   2.92977E+01   2.93553E+01   2.93980E+01   2.94304E+01   2.94557E+01   2.94754E+01   2.94901E+01   2.94999E+01   2.95048E+01
   2.93280E+01   2.93553E+01   2.93879E+01   2.94182E+01   2.94447E+01   2.94672E+01   2.94856E+01   2.94999E+01   2.95097E+01   2.95148E+01
   2.93844E+01   2.93980E+01   2.94182E+01   2.94405E+01   2.94623E+01   2.94823E+01   2.94999E+01   2.95142E+01   2.95244E+01   2.95298E+01
   2.94220E+01   2.94304E+01   2.94447E+01   2.94623E+01   2.94811E+01   2.94999E+01   2.95175E+01   2.95326E+01   2.95440E+01   2.95503E+01
   2.94495E+01   2.94557E+01   2.94672E+01   2.94824E+01   2.94999E+01   2.95187E+01   2.95376E+01   2.95551E+01   2.95694E+01   2.95778E+01
   2.94701E+01   2.94754E+01   2.94856E+01   2.94999E+01   2.95175E+01   2.95376E+01   2.95594E+01   2.95816E+01   2.96019E+01   2.96154E+01
   2.94851E+01   2.94901E+01   2.94999E+01   2.95142E+01   2.95327E+01   2.95551E+01   2.95816E+01   2.96120E+01   2.96446E+01   2.96718E+01
   2.94950E+01   2.94999E+01   2.95098E+01   2.95244E+01   2.95441E+01   2.95694E+01   2.96019E+01   2.96446E+01   2.97022E+01   2.97723E+01
   2.94999E+01   2.95049E+01   2.95148E+01   2.95298E+01   2.95504E+01   2.95778E+01   2.96154E+01   2.96718E+01   2.97723E+01   3.00000E+01
     1    1   1.000000E+00   1.000000E+00             HEAD    10    10     2 (10(1X1PE13.5))     
   2.92127E+01   2.92847E+01   2.93448E+01   2.93897E+01   2.94238E+01   2.94501E+01   2.94702E+01   2.94851E+01   2.94950E+01   2.94999E+01
   2.92847E+01   2.93228E+01   2.93648E+01   2.94015E+01   2.94317E+01   2.94562E+01   2.94756E+01   2.94901E+01   2.94999E+01   2.95048E+01
   2.93448E+01   2.93649E+01   2.93923E+01   2.94201E+01   2.94455E+01   2.94675E+01   2.94857E+01   2.94999E+01   2.95097E+01   2.95147E+01
   2.93897E+01   2.94015E+01   2.94201E+01   2.94414E+01   2.94627E+01   2.94825E+01   2.94999E+01   2.95141E+01   2.95242E+01   2.95296E+01
   2.94238E+01   2.94317E+01   2.94455E+01   2.94627E+01   2.94813E+01   2.94999E+01   2.95173E+01   2.95323E+01   2.95436E+01   2.95498E+01
   2.94501E+01   2.94562E+01   2.94675E+01   2.94825E+01   2.94999E+01   2.95186E+01   2.95372E+01   2.95543E+01   2.95681E+01   2.95761E+01
   2.94703E+01   2.94756E+01   2.94857E+01   2.94999E+01   2.95174E+01   2.95372E+01   2.95585E+01   2.95797E+01   2.95984E+01   2.96101E+01
   2.94851E+01   2.94901E+01   2.94999E+01   2.95141E+01   2.95324E+01   2.95544E+01   2.95797E+01   2.96075E+01   2.96350E+01   2.96551E+01
   2.94950E+01   2.94999E+01   2.95097E+01   2.95243E+01   2.95436E+01   2.95681E+01   2.95984E+01   2.96350E+01   2.96771E+01   2.97152E+01
   2.94999E+01   2.95049E+01   2.95147E+01   2.95296E+01   2.95498E+01   2.95761E+01   2.96101E+01   2.96551E+01   2.97152E+01   2.97872E+01
     1    1   1.000000E+00   1.000000E+00             HEAD    10    10     3 (10(1X1PE13.5))     
   2.92813E+01   2.93156E+01   2.93567E+01   2.93941E+01   2.94253E+01   2.94506E+01   2.94704E+01   2.94852E+01   2.94950E+01   2.94999E+01
   2.93156E+01   2.93398E+01   2.93724E+01   2.94045E+01   2.94329E+01   2.94566E+01   2.94757E+01   2.94902E+01   2.94999E+01   2.95048E+01
   2.93567E+01   2.93724E+01   2.93962E+01   2.94219E+01   2.94462E+01   2.94677E+01   2.94858E+01   2.94999E+01   2.95096E+01   2.95146E+01
   2.93941E+01   2.94045E+01   2.94219E+01   2.94422E+01   2.94630E+01   2.94826E+01   2.94999E+01   2.95140E+01   2.95241E+01   2.95294E+01
   2.94253E+01   2.94329E+01   2.94462E+01   2.94630E+01   2.94814E+01   2.94999E+01   2.95172E+01   2.95321E+01   2.95432E+01   2.95492E+01
   2.94506E+01   2.94566E+01   2.94678E+01   2.94826E+01   2.94999E+01   2.95184E+01   2.95368E+01   2.95536E+01   2.95669E+01   2.95745E+01
   2.94705E+01   2.94757E+01   2.94858E+01   2.94999E+01   2.95172E+01   2.95368E+01   2.95576E+01   2.95780E+01   2.95953E+01   2.96058E+01
   2.94852E+01   2.94902E+01   2.94999E+01   2.95140E+01   2.95321E+01   2.95536E+01   2.95780E+01   2.96037E+01   2.96274E+01   2.96431E+01
   2.94950E+01   2.94999E+01   2.95097E+01   2.95241E+01   2.95432E+01   2.95670E+01   2.95953E+01   2.96274E+01   2.96601E+01   2.96843E+01
   2.94999E+01   2.95048E+01   2.95147E+01   2.95294E+01   2.95492E+01   2.95745E+01   2.96058E+01   2.96431E+01   2.96843E+01   2.97186E+01
     1    2   2.500000E-01   1.250000E+00             HEAD    10    10     1 (10(1X1PE13.5))     
   2.90000E+01   2.92273E+01   2.93276E+01   2.93839E+01   2.94215E+01   2.94489E+01   2.94695E+01   2.94845E+01   2.94944E+01   2.94994E+01
   2.92273E+01   2.92973E+01   2.93548E+01   2.93974E+01   2.94298E+01   2.94552E+01   2.94749E+01   2.94896E+01   2.94994E+01   2.95043E+01
   2.93276E+01   2.93548E+01   2.93873E+01   2.94176E+01   2.94440E+01   2.94666E+01   2.94851E+01   2.94994E+01   2.95092E+01   2.95143E+01
   2.93839E+01   2.93974E+01   2.94175E+01   2.94397E+01   2.94616E+01   2.94818E+01   2.94994E+01   2.95136E+01   2.95239E+01   2.95293E+01
   2.94214E+01   2.94297E+01   2.94440E+01   2.94616E+01   2.94805E+01   2.94994E+01   2.95170E+01   2.95321E+01   2.95436E+01   2.95499E+01
   2.94488E+01   2.94550E+01   2.94665E+01   2.94818E+01   2.94994E+01   2.95182E+01   2.95371E+01   2.95546E+01   2.95689E+01   2.95774E+01
   2.94694E+01   2.94748E+01   2.94850E+01   2.94994E+01   2.95170E+01   2.95371E+01   2.95589E+01   2.95812E+01   2.96015E+01   2.96150E+01
   2.94845E+01   2.94895E+01   2.94994E+01   2.95137E+01   2.95322E+01   2.95546E+01   2.95812E+01   2.96116E+01   2.96442E+01   2.96715E+01
   2.94944E+01   2.94994E+01   2.95092E+01   2.95239E+01   2.95436E+01   2.95690E+01   2.96015E+01   2.96442E+01   2.97019E+01   2.97721E+01
   2.94994E+01   2.95043E+01   2.95143E+01   2.95293E+01   2.95499E+01   2.95774E+01   2.96150E+01   2.96715E+01   2.97721E+01   3.00000E+01
     1    2   2.500000E-01   1.250000E+00             HEAD    10    10     2 (10(1X1PE13.5))     
   2.92124E+01   2.92843E+01   2.93443E+01   2.93892E+01   2.94232E+01   2.94495E+01   2.94697E+01   2.94846E+01   2.94945E+01   2.94994E+01
   2.92843E+01   2.93223E+01   2.93643E+01   2.94009E+01   2.94311E+01   2.94556E+01   2.94750E+01   2.94896E+01   2.94994E+01   2.95043E+01
   2.93443E+01   2.93643E+01   2.93918E+01   2.94195E+01   2.94449E+01   2.94669E+01   2.94852E+01   2.94994E+01   2.95092E+01   2.95142E+01
   2.93892E+01   2.94009E+01   2.94195E+01   2.94408E+01   2.94621E+01   2.94819E+01   2.94994E+01   2.95136E+01   2.95238E+01   2.95291E+01
   2.94232E+01   2.94311E+01   2.94448E+01   2.94620E+01   2.94807E+01   2.94994E+01   2.95168E+01   2.95319E+01   2.95431E+01   2.95493E+01
   2.94495E+01   2.94556E+01   2.94669E+01   2.94819E+01   2.94994E+01   2.95180E+01   2.95367E+01   2.95539E+01   2.95677E+01   2.95756E+01
   2.94697E+01   2.94750E+01   2.94851E+01   2.94994E+01   2.95168E+01   2.95367E+01   2.95580E+01   2.95793E+01   2.95979E+01   2.96097E+01
   2.94846E+01   2.94896E+01   2.94994E+01   2.95136E+01   2.95319E+01   2.95539E+01   2.95793E+01   2.96071E+01   2.96346E+01   2.96547E+01
   2.94944E+01   2.94994E+01   2.95092E+01   2.95238E+01   2.95432E+01   2.95677E+01   2.95979E+01   2.96346E+01   2.96768E+01   2.97149E+01
   2.94994E+01   2.95043E+01   2.95142E+01   2.95291E+01   2.95493E+01   2.95756E+01   2.96097E+01   2.96547E+01   2.97149E+01   2.97870E+01
     1    2   2.500000E-01   1.250000E+00             HEAD    10    10     3 (10(1X1PE13.5))     
   2.92809E+01   2.93152E+01   2.93562E+01   2.93936E+01   2.94248E+01   2.94501E+01   2.94699E+01   2.94847E+01   2.94945E+01   2.94994E+01
   2.93152E+01   2.93393E+01   2.93719E+01   2.94040E+01   2.94323E+01   2.94561E+01   2.94752E+01   2.94897E+01   2.94994E+01   2.95043E+01
   2.93562E+01   2.93719E+01   2.93956E+01   2.94213E+01   2.94456E+01   2.94672E+01   2.94853E+01   2.94994E+01   2.95091E+01   2.95141E+01
   2.93935E+01   2.94040E+01   2.94213E+01   2.94416E+01   2.94625E+01   2.94821E+01   2.94994E+01   2.95135E+01   2.95236E+01   2.95289E+01
   2.94248E+01   2.94323E+01   2.94456E+01   2.94624E+01   2.94809E+01   2.94994E+01   2.95167E+01   2.95316E+01   2.95427E+01   2.95487E+01
   2.94500E+01   2.94560E+01   2.94672E+01   2.94821E+01   2.94994E+01   2.95179E+01   2.95363E+01   2.95532E+01   2.95665E+01   2.95741E+01
   2.94699E+01   2.94751E+01   2.94852E+01   2.94994E+01   2.95167E+01   2.95363E+01   2.95571E+01   2.95775E+01   2.95949E+01   2.96054E+01
   2.94846E+01   2.94896E+01   2.94994E+01   2.95135E+01   2.95316E+01   2.95532E+01   2.95776E+01   2.96033E+01   2.96271E+01   2.96428E+01
   2.94945E+01   2.94994E+01   2.95091E+01   2.95236E+01   2.95427E+01   2.95665E+01   2.95949E+01   2.96271E+01   2.96598E+01   2.96839E+01
   2.94994E+01   2.95043E+01   2.95141E+01   2.95289E+01   2.95487E+01   2.95741E+01   2.96054E+01   2.96428E+01   2.96839E+01   2.97183E+01
     1    3   2.500000E-01   1.500000E+00             HEAD    10    10     1 (10(1X1PE13.5))     
   2.90000E+01   2.92276E+01   2.93280E+01   2.93844E+01   2.94220E+01   2.94494E+01   2.94700E+01   2.94850E+01   2.94949E+01   2.94998E+01
   2.92276E+01   2.92977E+01   2.93553E+01   2.93980E+01   2.94304E+01   2.94557E+01   2.94754E+01   2.94900E+01   2.94998E+01   2.95048E+01
   2.93280E+01   2.93553E+01   2.93879E+01   2.94182E+01   2.94447E+01   2.94671E+01   2.94856E+01   2.94998E+01   2.95097E+01   2.95147E+01
   2.93844E+01   2.93980E+01   2.94183E+01   2.94406E+01   2.94623E+01   2.94823E+01   2.94999E+01   2.95141E+01   2.95243E+01   2.95297E+01
   2.94220E+01   2.94305E+01   2.94449E+01   2.94623E+01   2.94811E+01   2.94999E+01   2.95174E+01   2.95326E+01   2.95440E+01   2.95503E+01
   2.94494E+01   2.94556E+01   2.94672E+01   2.94824E+01   2.94999E+01   2.95187E+01   2.95375E+01   2.95551E+01   2.95693E+01   2.95778E+01
   2.94700E+01   2.94754E+01   2.94856E+01   2.94999E+01   2.95175E+01   2.95375E+01   2.95593E+01   2.95816E+01   2.96018E+01   2.96154E+01
   2.94850E+01   2.94900E+01   2.94999E+01   2.95142E+01   2.95326E+01   2.95551E+01   2.95816E+01   2.96119E+01   2.96445E+01   2.96718E+01
   2.94949E+01   2.94999E+01   2.95097E+01   2.95244E+01   2.95441E+01   2.95694E+01   2.96018E+01   2.96445E+01   2.97021E+01   2.97723E+01
   2.94999E+01   2.95048E+01   2.95147E+01   2.95297E+01   2.95503E+01   2.95778E+01   2.96154E+01   2.96718E+01   2.97723E+01   3.00000E+01
     1    3   2.500000E-01   1.500000E+00             HEAD    10    10     2 (10(1X1PE13.5))     
   2.92127E+01   2.92847E+01   2.93448E+01   2.93897E+01   2.94237E+01   2.94500E+01   2.94702E+01   2.94851E+01   2.94949E+01   2.94998E+01
   2.92847E+01   2.93228E+01   2.93648E+01   2.94015E+01   2.94317E+01   2.94561E+01   2.94755E+01   2.94901E+01   2.94998E+01   2.95048E+01
   2.93448E+01   2.93648E+01   2.93923E+01   2.94201E+01   2.94454E+01   2.94674E+01   2.94857E+01   2.94998E+01   2.95096E+01   2.95146E+01
   2.93897E+01   2.94015E+01   2.94201E+01   2.94414E+01   2.94626E+01   2.94824E+01   2.94999E+01   2.95140E+01   2.95242E+01   2.95295E+01
   2.94238E+01   2.94317E+01   2.94455E+01   2.94627E+01   2.94813E+01   2.94999E+01   2.95173E+01   2.95323E+01   2.95436E+01   2.95497E+01
   2.94500E+01   2.94562E+01   2.94675E+01   2.94825E+01   2.94999E+01   2.95185E+01   2.95371E+01   2.95543E+01   2.95681E+01   2.95760E+01
   2.94702E+01   2.94755E+01   2.94857E+01   2.94999E+01   2.95173E+01   2.95371E+01   2.95584E+01   2.95797E+01   2.95983E+01   2.96101E+01
   2.94851E+01   2.94901E+01   2.94999E+01   2.95141E+01   2.95323E+01   2.95543E+01   2.95797E+01   2.96075E+01   2.96350E+01   2.96550E+01
   2.94949E+01   2.94999E+01   2.95097E+01   2.95242E+01   2.95436E+01   2.95681E+01   2.95983E+01   2.96350E+01   2.96771E+01   2.97152E+01
   2.94999E+01   2.95048E+01   2.95147E+01   2.95295E+01   2.95497E+01   2.95760E+01   2.96101E+01   2.96550E+01   2.97152E+01   2.97872E+01
     1    3   2.500000E-01   1.500000E+00             HEAD    10    10     3 (10(1X1PE13.5))     
   2.92813E+01   2.93156E+01   2.93567E+01   2.93941E+01   2.94253E+01   2.94506E+01   2.94704E+01   2.94851E+01   2.94949E+01   2.94998E+01
   2.93156E+01   2.93398E+01   2.93724E+01   2.94045E+01   2.94328E+01   2.94566E+01   2.94757E+01   2.94901E+01   2.94998E+01   2.95048E+01
   2.93567E+01   2.93724E+01   2.93962E+01   2.94218E+01   2.94462E+01   2.94677E+01   2.94857E+01   2.94999E+01   2.95096E+01   2.95146E+01
   2.93941E+01   2.94045E+01   2.94219E+01   2.94422E+01   2.94630E+01   2.94826E+01   2.94999E+01   2.95140E+01   2.95240E+01   2.95293E+01
   2.94253E+01   2.94329E+01   2.94462E+01   2.94630E+01   2.94814E+01   2.94999E+01   2.95172E+01   2.95320E+01   2.95431E+01   2.95492E+01
   2.94506E+01   2.94566E+01   2.94677E+01   2.94826E+01   2.94999E+01   2.95184E+01   2.95368E+01   2.95536E+01   2.95669E+01   2.95744E+01
   2.94704E+01   2.94757E+01   2.94858E+01   2.94999E+01   2.95172E+01   2.95368E+01   2.95576E+01   2.95779E+01   2.95953E+01   2.96057E+01
   2.94851E+01   2.94901E+01   2.94999E+01   2.95140E+01   2.95321E+01   2.95536E+01   2.95780E+01   2.96036E+01   2.96274E+01   2.96431E+01
   2.94950E+01   2.94999E+01   2.95096E+01   2.95241E+01   2.95432E+01   2.95669E+01   2.95953E+01   2.96274E+01   2.96601E+01   2.96842E+01
   2.94999E+01   2.95048E+01   2.95146E+01   2.95294E+01   2.95492E+01   2.95745E+01   2.96057E+01   2.96431E+01   2.96842E+01   2.97185E+01
     1    4   5.000000E-01   2.000000E+00             HEAD    10    10     1 (10(1X1PE13.5))     
   2.90000E+01   2.92276E+01   2.93281E+01   2.93845E+01   2.94221E+01   2.94495E+01   2.94701E+01   2.94851E+01   2.94950E+01   2.95000E+01
   2.92276E+01   2.92978E+01   2.93554E+01   2.93980E+01   2.94305E+01   2.94558E+01   2.94755E+01   2.94901E+01   2.95000E+01   2.95049E+01
   2.93281E+01   2.93554E+01   2.93879E+01   2.94183E+01   2.94448E+01   2.94672E+01   2.94857E+01   2.95000E+01   2.95098E+01   2.95148E+01
   2.93845E+01   2.93980E+01   2.94183E+01   2.94406E+01   2.94623E+01   2.94824E+01   2.95000E+01   2.95142E+01   2.95245E+01   2.95298E+01
   2.94221E+01   2.94305E+01   2.94448E+01   2.94623E+01   2.94812E+01   2.95000E+01   2.95175E+01   2.95327E+01   2.95441E+01   2.95504E+01
   2.94495E+01   2.94558E+01   2.94673E+01   2.94824E+01   2.95000E+01   2.95188E+01   2.95376E+01   2.95552E+01   2.95694E+01   2.95779E+01
   2.94701E+01   2.94755E+01   2.94857E+01   2.95000E+01   2.95175E+01   2.95376E+01   2.95594E+01   2.95817E+01   2.96019E+01   2.96155E+01
   2.94851E+01   2.94902E+01   2.95000E+01   2.95143E+01   2.95327E+01   2.95552E+01   2.95817E+01   2.96120E+01   2.96446E+01   2.96719E+01
   2.94950E+01   2.95000E+01   2.95098E+01   2.95245E+01   2.95442E+01   2.95695E+01   2.96019E+01   2.96446E+01   2.97022E+01   2.97723E+01
   2.95000E+01   2.95049E+01   2.95148E+01   2.95299E+01   2.95504E+01   2.95779E+01   2.96155E+01   2.96719E+01   2.97723E+01   3.00000E+01
     1    4   5.000000E-01   2.000000E+00             HEAD    10    10     2 (10(1X1PE13.5))     
   2.92127E+01   2.92847E+01   2.93449E+01   2.93898E+01   2.94238E+01   2.94501E+01   2.94703E+01   2.94852E+01   2.94950E+01   2.95000E+01
   2.92847E+01   2.93228E+01   2.93649E+01   2.94016E+01   2.94318E+01   2.94563E+01   2.94756E+01   2.94902E+01   2.95000E+01   2.95049E+01
   2.93449E+01   2.93649E+01   2.93924E+01   2.94202E+01   2.94456E+01   2.94675E+01   2.94858E+01   2.95000E+01   2.95097E+01   2.95148E+01
   2.93898E+01   2.94016E+01   2.94202E+01   2.94414E+01   2.94627E+01   2.94825E+01   2.95000E+01   2.95142E+01   2.95243E+01   2.95296E+01
   2.94238E+01   2.94318E+01   2.94455E+01   2.94627E+01   2.94813E+01   2.95000E+01   2.95174E+01   2.95324E+01   2.95437E+01   2.95498E+01
   2.94501E+01   2.94563E+01   2.94675E+01   2.94826E+01   2.95000E+01   2.95186E+01   2.95372E+01   2.95544E+01   2.95682E+01   2.95761E+01
   2.94703E+01   2.94756E+01   2.94858E+01   2.95000E+01   2.95174E+01   2.95372E+01   2.95585E+01   2.95798E+01   2.95984E+01   2.96102E+01
   2.94852E+01   2.94902E+01   2.95000E+01   2.95142E+01   2.95324E+01   2.95544E+01   2.95798E+01   2.96076E+01   2.96351E+01   2.96551E+01
   2.94951E+01   2.95000E+01   2.95098E+01   2.95243E+01   2.95437E+01   2.95682E+01   2.95984E+01   2.96351E+01   2.96772E+01   2.97152E+01
   2.95000E+01   2.95049E+01   2.95148E+01   2.95296E+01   2.95498E+01   2.95761E+01   2.96102E+01   2.96551E+01   2.97152E+01   2.97873E+01
     1    4   5.000000E-01   2.000000E+00             HEAD    10    10     3 (10(1X1PE13.5))     
   2.92814E+01   2.93157E+01   2.93568E+01   2.93941E+01   2.94254E+01   2.94507E+01   2.94705E+01   2.94852E+01   2.94950E+01   2.95000E+01
   2.93157E+01   2.93398E+01   2.93725E+01   2.94046E+01   2.94329E+01   2.94567E+01   2.94758E+01   2.94902E+01   2.95000E+01   2.95049E+01
   2.93568E+01   2.93725E+01   2.93962E+01   2.94219E+01   2.94463E+01   2.94678E+01   2.94859E+01   2.95000E+01   2.95097E+01   2.95147E+01
   2.93941E+01   2.94046E+01   2.94219E+01   2.94423E+01   2.94631E+01   2.94827E+01   2.95000E+01   2.95141E+01   2.95242E+01   2.95294E+01
   2.94254E+01   2.94330E+01   2.94463E+01   2.94631E+01   2.94815E+01   2.95000E+01   2.95173E+01   2.95321E+01   2.95432E+01   2.95493E+01
   2.94507E+01   2.94567E+01   2.94678E+01   2.94827E+01   2.95000E+01   2.95185E+01   2.95369E+01   2.95537E+01   2.95670E+01   2.95746E+01
   2.94705E+01   2.94758E+01   2.94859E+01   2.95000E+01   2.95173E+01   2.95369E+01   2.95577E+01   2.95780E+01   2.95954E+01   2.96058E+01
   2.94853E+01   2.94902E+01   2.95000E+01   2.95141E+01   2.95322E+01   2.95537E+01   2.95780E+01   2.96037E+01   2.96275E+01   2.96432E+01
   2.94951E+01   2.95000E+01   2.95097E+01   2.95242E+01   2.95433E+01   2.95670E+01   2.95954E+01   2.96275E+01   2.96601E+01   2.96843E+01
   2.95000E+01   2.95049E+01   2.95147E+01   2.95295E+01   2.95493E+01   2.95746E+01   2.96058E+01   2.96432E+01   2.96843E+01   2.97186E+01
